[obj01_Material0]
amb_r=0.600000
amb_g=0.600000
amb_b=0.600000
dif_r=1.000000
dif_g=1.000000
dif_b=1.000000
spc_r=0.000000
spc_g=0.000000
spc_b=0.000000
ems_r=0.000000
ems_g=0.000000
ems_b=0.000000
spc_p=0.000000
env_a=0
lit_a=100
linear_filter=0
alp_en=0
alp_src=5
alp_dst=6
alp_ref=0
alp_zwr=0
trans_factor=0
use_light=0
cull_mode=1
tex=0311.jpg
env_tex=
lit_map=0311_Merge.jpg
Is_SixPoint_flag=1
